area: 2.4047 7.3629 12.788 19.062 26.694 36.408 49.31 67.166 92.963 132.03 194.57 301.72 502.31 926.68 2004.2 5728.8 30939 8.38E+34

--- for Tantal

model 0: 4.1513E-01 4.5611E-05 1.8829E-05 4.3263E-06 1.3868E-06 1.5887E-06 1.1073E-06 4.5901E-07 2.4504E-07 1.8995E-07 1.0716E-07 4.9020E-08 2.6935E-08 1.4018E-08 5.2190E-09 1.3371E-09 1.4900E-10 2.4227E-41

model 1: 4.1513E-01 4.8155E-05 2.1269E-05 5.5365E-06 1.3337E-06 1.3942E-06 1.1651E-06 5.2452E-07 2.2353E-07 1.6314E-07 1.1040E-07 5.3627E-08 2.4845E-08 1.2237E-08 5.2240E-09 1.4349E-09 1.5029E-10 2.3631E-41

model 2: 4.1509E-01 4.8288E-05 1.8423E-05 3.7209E-06 1.6127E-06 1.8078E-06 1.0866E-06 4.4650E-07 2.9807E-07 2.1176E-07 1.0074E-07 4.9815E-08 3.1017E-08 1.5086E-08 5.2140E-09 1.3703E-09 1.7001E-10 2.7808E-41

TENDL19: 4.0822E-01 1.5931E-03 2.9037E-04 6.7863E-05 2.0628E-05 3.6245E-06 6.4409E-07 2.6740E-07 2.6182E-07 1.9336E-07 9.1742E-08 4.7860E-08 2.6597E-08 1.2367E-08 5.6082E-09 1.6967E-09 2.2237E-10 2.7927E-41

TENDL21: 4.0822E-01 1.5907E-03 2.9118E-04 6.7921E-05 2.0588E-05 3.6186E-06 6.2148E-07 2.5037E-07 2.4789E-07 1.9347E-07 9.1615E-08 4.7709E-08 2.6943E-08 1.3653E-08 5.5497E-09 1.6372E-09 2.2146E-10 2.3486E-41

JENDL5:  4.0420E-01 3.0382E-03 2.4026E-04 4.9255E-05 1.3818E-05 4.1988E-06 1.4097E-06 5.0457E-07 2.7828E-07 1.8571E-07 8.9994E-08 3.1387E-08 1.4135E-08 8.8704E-09 4.1862E-09 1.1346E-09 1.3510E-10 1.7902E-41


------------------

total cross section nucleus-nucleus (icxsni=0)

model 2:4.1513E-01 4.5611E-05 1.8829E-05 4.3263E-06 1.3868E-06 1.5887E-06 1.1073E-06 4.5901E-07 2.4504E-07 1.8995E-07 1.0716E-07 4.9020E-08 2.6935E-08 1.4018E-08 5.2190E-09 1.3371E-09 1.4900E-10 2.4227E-41
 - same as before

model 1:4.1513E-01 4.5611E-05 1.8829E-05 4.3263E-06 1.3868E-06 1.5887E-06 1.1073E-06 4.5901E-07 2.4504E-07 1.8995E-07 1.0716E-07 4.9020E-08 2.6935E-08 1.4018E-08 5.2190E-09 1.3371E-09 1.4900E-10 2.4227E-41

model 0:4.1513E-01 4.5611E-05 1.8829E-05 4.3263E-06 1.3868E-06 1.5887E-06 1.1073E-06 4.5901E-07 2.4504E-07 1.8995E-07 1.0716E-07 4.9020E-08 2.6935E-08 1.4018E-08 5.2190E-09 1.3371E-09 1.4900E-10 2.4227E-41

 - all the same nigga

------------------
 - Tantal, diff energies, JENDL-5

94.8 MeV: 4.1459E-01 2.3627E-04 1.9356E-05 2.6481E-06 1.7997E-06 4.7764E-07 4.4008E-07 2.6963E-07 2.0675E-07 1.4337E-07 9.7395E-08 6.5956E-08 3.9099E-08 2.2154E-08 9.8543E-09 3.0548E-09 4.3892E-10 7.3279E-41

57.0 MeV: 4.1239E-01 8.3991E-04 6.4578E-05 5.6892E-06 3.7320E-06 1.6950E-06 3.1292E-07 3.3365E-07 2.2676E-07 9.6869E-08 6.6146E-08 4.5142E-08 2.4268E-08 1.2874E-08 5.8826E-09 1.7229E-09 2.6601E-10 3.9026E-41

55.0 MeV: 4.1211E-01 9.1662E-04 6.9458E-05 6.5432E-06 3.7882E-06 1.8246E-06 3.2610E-07 3.1519E-07 2.3396E-07 9.6945E-08 6.0955E-08 4.4943E-08 2.3412E-08 1.2820E-08 5.5284E-09 1.7787E-09 2.4855E-10 3.8072E-41

13.7 MeV: 3.3797E-01 1.8680E-02 2.1704E-03 5.2575E-04 1.7156E-04 6.7397E-05 2.9117E-05 1.3313E-05 6.3931E-06 3.1279E-06 1.5687E-06 7.6055E-07 3.3628E-07 1.3914E-07 4.3454E-08 9.1189E-09 8.1806E-10 7.9127E-41

09.7 MeV: 2.5854E-01 3.4823E-02 5.1503E-03 1.3380E-03 4.3907E-04 1.7039E-04 7.4019E-05 3.4588E-05 1.6836E-05 8.3988E-06 4.1199E-06 1.8796E-06 7.6468E-07 2.6964E-07 7.5846E-08 1.5010E-08 1.3177E-09 1.2985E-40


------------------
 - Tantal, diff energies, TENDL-21

94.8 MeV: 4.1495E-01 1.4517E-04 1.4460E-05 2.2666E-06 1.8973E-06 1.4672E-06 1.0450E-06 7.5539E-07 5.1640E-07 3.3208E-07 2.0355E-07 1.1923E-07 6.5222E-08 3.0593E-08 1.2253E-08 3.5691E-09 4.9805E-10 8.4307E-41

57.0 MeV: 4.1323E-01 6.8664E-04 1.9528E-05 1.3412E-06 1.0087E-06 8.2063E-07 6.4785E-07 5.0168E-07 3.4901E-07 2.3391E-07 1.5019E-07 9.3172E-08 4.8960E-08 2.3720E-08 9.8237E-09 2.9530E-09 3.9685E-10 6.5801E-41

09.7 MeV: 3.0712E-01 2.0959E-02 4.3145E-03 1.2065E-03 4.0712E-04 1.6134E-04 7.1003E-05 3.3359E-05 1.6349E-05 8.1545E-06 4.0431E-06 1.8497E-06 7.3957E-07 2.6036E-07 7.4498E-08 1.4685E-08 1.2818E-09 1.2388E-40


------------------
 - Tantal, diff energies, Default

94.8 MeV: 4.1459E-01 2.3627E-04 1.9356E-05 2.6481E-06 1.7997E-06 4.7764E-07 4.4008E-07 2.6963E-07 2.0675E-07 1.4337E-07 9.7395E-08 6.5956E-08 3.9099E-08 2.2154E-08 9.8543E-09 3.0548E-09 4.3892E-10 7.3279E-41

57.0 MeV: 4.1239E-01 8.3991E-04 6.4578E-05 5.6892E-06 3.7320E-06 1.6950E-06 3.1292E-07 3.3365E-07 2.2676E-07 9.6869E-08 6.6146E-08 4.5142E-08 2.4268E-08 1.2874E-08 5.8826E-09 1.7229E-09 2.6601E-10 3.9026E-41

55.0 MeV: 4.1211E-01 9.1662E-04 6.9458E-05 6.5432E-06 3.7882E-06 1.8246E-06 3.2610E-07 3.1519E-07 2.3396E-07 9.6945E-08 6.0955E-08 4.4943E-08 2.3412E-08 1.2820E-08 5.5284E-09 1.7787E-09 2.4855E-10 3.8072E-41 

13.7 MeV: 3.3797E-01 1.8680E-02 2.1704E-03 5.2575E-04 1.7156E-04 6.7397E-05 2.9117E-05 1.3313E-05 6.3931E-06 3.1279E-06 1.5687E-06 7.6055E-07 3.3628E-07 1.3914E-07 4.3454E-08 9.1189E-09 8.1806E-10 7.9127E-41

09.7 MeV: 2.5854E-01 3.4823E-02 5.1503E-03 1.3380E-03 4.3907E-04 1.7039E-04 7.4019E-05 3.4588E-05 1.6836E-05 8.3988E-06 4.1199E-06 1.8796E-06 7.6468E-07 2.6964E-07 7.5846E-08 1.5010E-08 1.3177E-09 1.2985E-40
 



-----------------

--- for Wolfram

model 0: 4.1502E-01 5.2372E-05 2.1727E-05 5.0177E-06 1.6019E-06 1.8584E-06 1.2983E-06 5.4015E-07 2.8732E-07 2.1964E-07 1.2350E-07 5.3859E-08 2.8269E-08 1.5809E-08 6.0573E-09 1.3755E-09 1.8617E-10 2.4944E-41

model 1: 4.1502E-01 5.5500E-05 2.4625E-05 6.4850E-06 1.5419E-06 1.6279E-06 1.3608E-06 6.1831E-07 2.6505E-07 1.8313E-07 1.2679E-07 6.1382E-08 2.6637E-08 1.3845E-08 6.2768E-09 1.5117E-09 1.8035E-10 2.3631E-41

model 2: 4.1497E-01 5.5487E-05 2.1242E-05 4.3331E-06 1.8424E-06 2.1333E-06 1.2586E-06 5.2794E-07 3.4809E-07 2.4592E-07 1.1451E-07 5.5681E-08 3.2848E-08 1.6759E-08 5.9126E-09 1.4192E-09 2.1235E-10 2.9479E-41

TENDL19: 4.0694E-01 1.8434E-03 3.4085E-04 8.0867E-05 2.4428E-05 4.5984E-06 8.7407E-07 3.1355E-07 2.8786E-07 1.9942E-07 8.3981E-08 3.8281E-08 2.1421E-08 1.0953E-08 4.2361E-09 1.2446E-09 1.4932E-10 1.9096E-41

TENDL21: 4.0694E-01 1.8444E-03 3.4098E-04 8.0538E-05 2.4459E-05 4.5560E-06 8.5210E-07 3.0782E-07 2.8050E-07 1.9831E-07 8.1443E-08 3.7199E-08 2.1152E-08 1.0644E-08 4.5501E-09 1.3163E-09 1.5808E-10 1.5380E-41

JENDL5:  4.0742E-01 1.8801E-03 2.7091E-04 5.7494E-05 1.6007E-05 4.8651E-06 1.6798E-06 6.1846E-07 3.6240E-07 2.3979E-07 1.1585E-07 4.7462E-08 2.3949E-08 1.4859E-08 6.7907E-09 1.9725E-09 2.5146E-10 3.3059E-41

ENDF:    4.0371E-01 3.0565E-03 2.8978E-04 5.7127E-05 1.6150E-05 5.6136E-06 2.3423E-06 8.4760E-07 4.1511E-07 2.9326E-07 1.8518E-07 8.5146E-08 3.6013E-08 1.7751E-08 8.3125E-09 2.4386E-09 2.8734E-10 3.2701E-41



-----------------

--- diff elemnts, JENDL-5

-----------------

---  C : 4.1529E-01 2.5351E-05 1.2161E-05 9.2218E-06 5.9527E-06 3.2935E-06 1.7185E-06 8.5876E-07 4.3340E-07 2.5683E-07 1.5450E-07 9.2802E-08 5.3094E-08 2.6071E-08 1.0578E-08 2.9902E-09 3.8366E-10 6.8744E-41

---  Al: 4.1545E-01 2.9499E-06 1.5346E-05 7.8369E-06 3.6934E-06 1.5019E-06 6.4207E-07 3.9201E-07 3.3529E-07 2.8841E-07 1.9880E-07 1.1796E-07 5.6260E-08 2.5295E-08 9.3404E-09 2.6620E-09 3.6329E-10 6.8863E-41

---  Cu: 4.1373E-01 3.7663E-04 6.0546E-05 1.5332E-05 4.3808E-06 1.5348E-06 1.1351E-06 9.8993E-07 6.5671E-07 3.5923E-07 1.7845E-07 1.0245E-07 6.2192E-08 3.4219E-08 1.3616E-08 3.8368E-09 4.5573E-10 6.2896E-41

(TENDL-21)
---  Au: 4.0298E-01 2.5797E-03 4.6322E-04 1.2052E-04 4.1025E-05 1.4425E-05 5.2912E-06 2.5275E-06 1.5656E-06 8.9078E-07 4.6570E-07 2.2063E-07 1.0379E-07 5.2913E-08 2.3530E-08 7.4825E-09 9.9326E-10 1.0706E-40

